[Main]
adm=B
sat_name=SATS-1
long_nom=-70.00
n_diag=1

[Header]
beam_id=308
emi_rcp=E
pol_disc=C
reason=C
type=CO

[Boresights]
n_bore=4

[B1]
p=-61.958;-3.155

[B2]
p=-42.837;-7.311

[B3]
p=-49.815;-23.232

[B4]
p=-50.594;-9.523

[Contours]
n_cont=2

[C1]
gain=-2.00
n_point=105
p1=-113.197957;49.53217
p2=-111.48093;50.138939
p3=-108.32251;51.255072
p4=-108.322507;51.255072
p5=-108.322503;51.255074
p6=-107.522541;51.386272
p7=-107.522538;51.386272
p8=-100.897089;51.386272
p9=-100.897086;51.386272
p10=-100.097124;51.255074
p11=-99.226872;50.947541
p12=-95.835441;50.947541
p13=-95.835437;50.947541
p14=-95.043631;50.816343
p15=-95.043629;50.816342
p16=-95.043628;50.816342
p17=-91.931134;49.70511
p18=-91.200487;49.444252
p19=-90.749062;49.609833
p20=-90.749061;49.609833
p21=-89.97835;49.741031
p22=-89.978348;49.741032
p23=-86.786756;49.741032
p24=-83.595162;49.741032
p25=-83.59516;49.741032
p26=-82.824449;49.609833
p27=-82.824447;49.609833
p28=-82.824444;49.609833
p29=-79.567048;48.415035
p30=-77.296445;47.582189
p31=-77.296444;47.582188
p32=-77.296442;47.582187
p33=-76.732242;47.223747
p34=-76.732241;47.223745
p35=-76.732239;47.223745
p36=-75.050807;45.373519
p37=-73.540649;43.711763
p38=-73.540649;43.711761
p39=-73.540648;43.71176
p40=-73.334143;43.222136
p41=-73.334143;43.222134
p42=-73.334138;43.222122
p43=-73.334139;41.350458
p44=-73.334136;39.166845
p45=-73.540647;38.677206
p46=-73.540649;38.677203
p47=-73.540649;38.677201
p48=-75.023974;37.044972
p49=-76.184191;35.768282
p50=-76.184191;35.766677
p51=-76.377229;35.277038
p52=-79.360603;31.765053
p53=-79.887994;31.406612
p54=-79.888005;31.406608
p55=-79.888011;31.4066
p56=-82.468292;30.394115
p57=-85.055353;29.378964
p58=-85.055366;29.378964
p59=-85.055377;29.37896
p60=-85.775781;29.247767
p61=-85.775783;29.247766
p62=-85.775785;29.247766
p63=-85.775807;29.247762
p64=-88.759173;29.247764
p65=-91.742539;29.247762
p66=-91.742561;29.247766
p67=-91.742563;29.247766
p68=-91.742565;29.247767
p69=-92.462969;29.37896
p70=-92.462975;29.378963
p71=-92.462984;29.378963
p72=-93.625029;29.834943
p73=-93.625029;29.834943
p74=-93.840703;29.571397
p75=-93.840704;29.571396
p76=-94.348769;29.212955
p77=-94.348778;29.212951
p78=-94.348783;29.212946
p79=-96.667712;28.268399
p80=-99.326772;27.185308
p81=-99.326782;27.185308
p82=-99.32679;27.185304
p83=-100.02082;27.054107
p84=-102.894858;27.054109
p85=-105.7689;27.054106
p86=-106.462931;27.185304
p87=-106.462941;27.185308
p88=-106.462952;27.185308
p89=-108.814263;28.143047
p90=-111.44094;29.212944
p91=-111.440946;29.212952
p92=-111.440955;29.212955
p93=-111.949012;29.57139
p94=-111.949013;29.57139
p95=-111.949014;29.571392
p96=-111.94902;29.571396
p97=-113.292505;31.213086
p98=-114.823066;33.083373
p99=-115.009031;33.573012
p100=-115.009031;33.573015
p101=-115.009034;33.573018
p102=-115.009033;34.144953
p103=-115.229661;34.287751
p104=-115.229662;34.287751
p105=-115.842084;34.974360


[C2]
n_point=15
gain=-1.00
p1=-108.416262;46.535979
p2=-92.891414;46.698091
p3=-78.374662;45.077035
p4=-77.97143;40.538091
p5=-79.786022;35.999143
p6=-84.02007;31.946511
p7=-91.681686;31.460197
p8=-96.318982;32.108619
p9=-97.931942;30.001251
p10=-102.367622;28.380197
p11=-106.400054;29.028619
p12=-110.029238;32.757039
p13=-111.238966;38.592827
p14=-110.432478;43.942299
p15=-108.416262;46.535979